# This file contains animation data, the format is:
# first_frame
0
377
385
379
380
381
378
382
388
389
203
207
211
215
219
393
397
8848
8852
8818
8819
8820
8821
8822
8823
432
433
435
436
439
440
441
442
443
444
445
446
447
450
453
456
448
452
457
460
463
466
469
472
449
451
461
465
471
454
479
483
8880
8888
8896
8904
8912
8920
8928
8936
607
611
615
619
627
631
639
643
667
675
679
687
691
703
695
699
707
711
715
719
723
727
731
735
764
776
772
780
784
788
792
760
796
798
797
799
800
948
815
803
822
825
828
831
834
837
838
841
846
847
848
849
850
851
852
886
2082
2086
2088
2094
2096
2100
2111
2106
890
894
898
902
906
910
916
920
924
927
953
957
961
964
969
973
977
997
1001
1005
1009
1013
1017
1021
1025
1029
1033
1037
1041
1045
1049
1053
1057
1061
1065
1069
1073
1077
1089
1085
2109
2115
2119
2123
2127
2131
2135
2139
1093
1097
1109
1113
1117
1121
1125
1129
1133
1137
1141
1145
1149
1153
1157
1161
1197
2741
2747
2752
2756
1206
1213
1264
1268
8610
0
8805
8815
2033
1330
3991
3987
3950
1324
1374
0
1377
0
1385
0
1382
0
1386
0
1389
0
1392
0
1395
1396
1397
1399
1401
1400
1404
1409
1402
1408
8787
0
0
0
0
0
0
1420
8746
0
1572
0
0
0
0
0
0
0
0
0
0
0
0
0
0
0
0
0
0
0
0
0
0
0
0
0
0
8944
0
1609
0
0
0
0
0
0
0
0
0
1614
1615
1450
0
1453
0
1456
0
1459
0
1462
0
1465
0
1468
0
1471
0
1474
0
1477
0
1480
0
1483
0
1486
0
1489
0
1492
0
1495
0
1498
0
1501
0
1504
0
1507
0
1510
0
1513
0
1516
0
1519
0
0
0
0
0
0
0
0
0
1534
0
1537
0
0
0
0
0
1546
0
1549
0
0
0
0
0
0
0
0
0
0
0
0
0
2032
2030
2029
2028
2027
2026
2025
2023
2024
1713
1717
2015
2011
2157
2166
1724
1720
0
0
0
0
0
1
1749
1768
2059
2060
2066
2068
2069
2073
0
2064
2392
0
2396
0
2400
0
2404
0
1621
1622
1623
1624
1625
1626
1627
1628
1641
2359
2358
2360
1643
1645
2361
2362
1650
1651
2364
2365
2363
1644
1660
1649
1661
1662
2103
2491
2492
2494
2503
2504
2508
2512
2498
2497
2513
2514
1683
0
1684
0
1685
0
1686
0
1856
1860
1864
1868
1820
1821
1822
1885
0
0
0
0
0
0
0
0
1410
0
218
0
1709
0
1710
0
1839
1843
1847
1851
2155
2159
2238
2163
0
0
0
0
0
0
0
0
2051
0
2053
0
2055
0
2057
0
1827
1917
1831
1832
1871
1872
2160
2156
0
0
0
0
0
0
0
0
2341
0
1890
0
2328
0
1892
0
1913
1893
1894
1905
1895
1899
1902
1906
2428
0
2432
0
1928
0
1929
0
2408
2409
2410
2411
2444
2445
2446
2447
1886
1887
2671
2670
1888
2282
2286
2287
2288
2298
2293
2521
2460
2461
0
0
0
0
0
0
2522
18
2556
2826
2589
2757
0
0
0
0
0
0
0
0
0
0
0
0
0
0
0
0
0
0
0
0
0
0
0
0
2608
2490
0
0
0
0
0
0
0
0
0
0
0
0
0
0
0
0
2724
2725
2726
2730
2734
2735
0
0
2902
384
386
387
455
458
459
462
464
473
477
482
487
491
495
499
0
0
0
0
0
0
0
0
2927
2928
2929
2930
2931
2932
2933
2934
0
0
0
0
0
0
0
0
0
0
0
0
0
0
0
0
0
0
0
0
0
0
0
0
0
0
0
0
0
0
0
0
3015
3019
3051
3027
3031
3035
3039
3043
0
0
0
0
0
0
0
0
0
0
0
0
0
0
0
0
0
0
0
0
0
0
0
0
0
0
0
0
0
0
0
0
3183
3184
3187
3189
3191
3193
3195
3196
0
0
0
0
0
0
0
0
0
0
0
0
0
0
0
0
0
0
0
0
0
0
0
0
0
0
0
0
0
0
0
0
0
0
0
0
0
0
0
0
3368
3372
3376
3380
3384
3388
3392
3396
0
0
0
0
0
0
0
0
0
0
0
0
0
0
0
0
0
0
0
0
0
0
0
0
0
0
0
0
0
0
0
0
3526
3534
3538
3545
1199
3556
3563
3570
3577
8615
8715
0
0
5222
3601
3602
3603
3604
3605
3606
3607
3608
3609
3610
3614
3618
3622
3626
3630
3633
3638
0
0
0
0
0
0
0
0
3649
3650
3651
3652
3653
3654
3655
3656
0
0
0
0
0
0
0
0
0
0
0
0
0
0
0
0
0
0
0
0
0
0
0
0
0
0
0
0
0
0
0
0
3734
3738
3742
3746
3750
3754
3758
3762
0
0
0
0
0
0
0
0
0
0
0
0
0
0
0
0
0
0
0
0
0
0
0
0
0
0
0
0
0
0
0
0
4233
4235
4237
4239
4241
4099
4101
4103
0
0
0
0
0
0
0
0
0
0
0
0
0
0
0
0
0
0
0
0
0
0
0
0
0
0
0
0
0
0
0
0
0
0
0
0
0
0
0
0
4320
4324
4328
4332
4336
4340
4344
4348
0
0
0
0
0
0
0
0
0
0
0
0
0
0
0
0
0
0
0
0
0
0
0
0
0
0
0
0
0
0
0
0
4516
4526
4533
4541
4548
4573
4577
4581
4585
8621
0
0
0
5226
4623
4631
4632
4633
4634
4635
4636
4669
4840
4671
4640
4673
4642
4675
4644
4677
4646
4679
4648
4681
4650
4683
4652
4685
4654
4687
4656
4689
4658
4691
4949
4660
4662
4695
4665
4697
4667
4699
4707
4718
4709
4716
4712
4714
4705
4719
4723
4725
4715
4727
4713
4729
4730
4732
4734
4735
4736
4738
4740
4741
4742
4744
4746
4747
4748
4750
4752
4753
4754
4756
4758
4759
4760
4762
4764
4765
4766
4768
0
0
0
0
0
0
4784
4788
4792
4796
4804
4808
4814
4816
4776
4780
511
515
519
523
530
531
0
0
0
0
0
0
0
0
4795
4797
4798
4789
4800
4801
4802
4794
0
0
0
0
0
0
0
0
0
0
0
0
0
0
0
0
0
0
0
0
0
0
0
0
0
0
0
0
0
0
0
0
5090
5058
5062
5070
5074
5078
5082
5086
0
0
0
0
0
0
0
0
0
0
0
0
0
0
0
0
0
0
0
0
0
0
0
0
0
0
0
0
0
0
0
0
5263
5264
5265
5266
5267
5268
5269
5270
0
0
0
0
0
0
0
0
0
0
0
0
0
0
0
0
0
0
0
0
0
0
0
0
0
0
0
0
0
0
0
0
0
0
0
0
0
0
0
0
5364
5368
5372
5376
5384
5388
5453
5393
0
0
0
0
0
0
0
0
0
0
0
0
0
0
0
0
0
0
0
0
0
0
0
0
0
0
0
0
0
0
0
0
5722
5728
5742
5751
5827
5772
5771
5781
5830
8626
0
0
0
5805
5846
5971
5972
5973
5974
5975
5976
5977
5978
5852
571
575
579
583
587
5963
5967
0
0
0
0
0
0
0
0
5987
5988
5989
5990
5991
5992
5993
5994
0
0
0
0
0
0
0
0
0
0
0
0
0
0
0
0
0
0
0
0
0
0
0
0
0
0
0
0
0
0
0
0
6100
6104
6108
6112
6116
6120
6140
6144
0
0
0
0
0
0
0
0
0
0
0
0
0
0
0
0
0
0
0
0
0
0
0
0
0
0
0
0
0
0
0
0
6275
6280
6284
6285
6292
6279
6296
6303
0
0
0
0
0
0
0
0
0
0
0
0
0
0
0
0
0
0
0
0
0
0
0
0
0
0
0
0
0
0
0
0
0
0
0
0
0
0
0
0
6444
6448
6452
6456
6460
6464
6468
6472
0
0
0
0
0
0
0
0
0
0
0
0
0
0
0
0
0
0
0
0
0
0
0
0
0
0
0
0
0
0
0
0
6606
6741
6750
6759
6766
6804
6836
6840
6846
8631
0
0
0
6884
6890
196
235
240
244
248
253
257
261
6911
6891
6895
6899
6903
6907
6915
6919
0
0
0
0
0
0
0
0
243
247
246
249
251
252
254
255
0
0
0
0
0
0
0
0
0
0
0
0
0
0
0
0
0
0
0
0
0
0
0
0
0
0
0
0
0
0
0
0
7000
7004
7008
7012
7016
7020
7024
7028
0
0
0
0
0
0
0
0
0
0
0
0
0
0
0
0
0
0
0
0
0
0
0
0
0
0
0
0
0
0
0
0
7180
7182
7184
7186
7188
7190
7192
7194
0
0
0
0
0
0
0
0
0
0
0
0
0
0
0
0
0
0
0
0
0
0
0
0
0
0
0
0
0
0
0
0
0
0
0
0
0
0
0
0
7305
7309
7313
7317
7321
7325
7329
7333
0
0
0
0
0
0
0
0
0
0
0
0
0
0
0
0
0
0
0
0
0
0
0
0
0
0
0
0
0
0
0
0
7463
7606
7615
7624
7633
7648
7652
7683
7675
8636
0
0
0
7705
7714
7715
7719
7723
7717
7731
7735
7739
7743
238
267
271
276
279
283
287
291
0
0
0
0
0
0
0
0
7729
7730
7732
7733
7734
7736
7737
7738
0
0
0
0
0
0
0
0
0
0
0
0
0
0
0
0
0
0
0
0
0
0
0
0
0
0
0
0
0
0
0
0
7785
7822
7826
7830
7834
7838
7842
7850
0
0
0
0
0
0
0
0
0
0
0
0
0
0
0
0
0
0
0
0
0
0
0
0
0
0
0
0
0
0
0
0
7966
7968
7970
8298
7974
7976
7978
7980
0
0
0
0
0
0
0
0
0
0
0
0
0
0
0
0
0
0
0
0
0
0
0
0
0
0
0
0
0
0
0
0
0
0
0
0
0
0
0
0
8103
8107
8111
8115
8119
8123
8127
8131
0
0
0
0
0
0
0
0
0
0
0
0
0
0
0
0
0
0
0
0
0
0
0
0
0
0
0
0
0
0
0
0
8471
8485
8494
8503
8578
8551
8558
8583
8590
8641
0
0
0
8601
8609
8650
8233
8238
8242
0
0
0
0
8658
8267
8258
8263
8677
8665
8235
8231
8236
8246
8229
